836212
6401869
10174856
20215725
24945479
30542527
31069545
32104712
37147455
46033918
53118527
64021643
67067519
70287914
71359136
71693848
75955989
76238006
79393353
88552331
93415417
102344833
102990995
106685448
108822917
112461401
113152361
114914166
118927830
121232759
122536287
123980114
125910900
127273928
127822033
131549621
131966808
133327737
133358389
134161219
142143146
145274465
148878251
156242948
157799127
161008501
161129817
161420669
162431627
165566368
167894777
169605028
177777812
179827435
182200190
182564880
185271529
185407246
192242076
201118039
201662696
203681578
206277684
211374912
216261439
219697097
220843085
225956974
230609077
237418201
238611534
239092030
256231870
256470506
257591853
282816073
307529720
309860703
313745306
318240460
319247913
358259695
364009456
384527391
391062008
396551725
408352714
421117530
483599346
836212
6401869
10174856
20215725
24945479
30542527
31069545
32104712
37147455
46033918
53118527
64021643
67067519
70287914
71359136
