28261334
79138567
28905875
76982440
155464693
135970622
29534144
17842936
45172096
167127847
16202769
73581821
25232578
22781583
31480508
133030665
74404187
22751485
38000555
42923159
11982368
69563163
51126445
16120134
99126464
30316056
23995866
16517666
80358348
111587102
148211806
32041317
92943238
143078620
23486067
60465354
70493648
16833467
33353770
92391767
80512191
38624893
43215063
41525215
22798006
135856652
98210264
26750264
44039859
46105176
40575907
127368401
53252117
30315369
117431540
159867640
34076269
149073482
164871090
14114
44400667
37008294
25336774
30638367
96443778
25065746
91892851
97882810
48940689
32169030
28261334
79138567
28905875
76982440
155464693
135970622
29534144
17842936
45172096
167127847
16202769
73581821
25232578
22781583
31480508
133030665
74404187
22751485
38000555
42923159
11982368
69563163
51126445
16120134
99126464
30316056
23995866
16517666
80358348
111587102
148211806
32041317
92943238
143078620
23486067
60465354
70493648
16833467
33353770
92391767
80512191
38624893
43215063
41525215
22798006
135856652
98210264
26750264
44039859
46105176
40575907
127368401
53252117
30315369
117431540
159867640
34076269
149073482
164871090
14114
44400667
37008294
25336774
30638367
96443778
25065746
91892851
97882810
48940689
32169030
28261334
79138567
28905875
76982440
155464693
135970622
29534144
17842936
45172096
167127847
16202769
73581821
25232578
22781583
31480508
133030665
74404187
22751485
38000555
42923159
11982368
69563163
51126445
16120134
99126464
30316056
23995866
16517666
80358348
111587102
148211806
32041317
92943238
143078620
23486067
60465354
70493648
16833467
33353770
92391767
80512191
38624893
43215063
41525215
22798006
135856652
98210264
26750264
44039859
46105176
40575907
127368401
53252117
30315369
117431540
159867640
34076269
149073482
164871090
14114
44400667
37008294
25336774
30638367
96443778
25065746
91892851
97882810
48940689
32169030
28261334
79138567
28905875
76982440
155464693
135970622
29534144
17842936
45172096
167127847
16202769
73581821
25232578
22781583
31480508
133030665
74404187
22751485
38000555
42923159
11982368
69563163
51126445
16120134
99126464
30316056
23995866
16517666
80358348
111587102
148211806
32041317
92943238
143078620
23486067
60465354
70493648
16833467
33353770
92391767
80512191
38624893
43215063
41525215
22798006
135856652
98210264
26750264
44039859
46105176
40575907
127368401
53252117
30315369
117431540
159867640
34076269
149073482
164871090
14114
44400667
37008294
25336774
30638367
96443778
25065746
91892851
97882810
48940689
32169030
28261334
79138567
28905875
76982440
155464693
135970622
29534144
17842936
45172096
167127847
16202769
73581821
25232578
22781583
31480508
133030665
74404187
22751485
38000555
42923159
11982368
69563163
51126445
16120134
99126464
30316056
23995866
16517666
80358348
111587102
148211806
32041317
92943238
143078620
23486067
60465354
70493648
16833467
33353770
92391767
80512191
38624893
43215063
41525215
22798006
135856652
98210264
26750264
44039859
46105176
40575907
127368401
53252117
30315369
117431540
159867640
34076269
149073482
164871090
14114
44400667
37008294
25336774
30638367
96443778
25065746
91892851
97882810
48940689
32169030
79138567
28261334
28905875
76982440
155464693
135970622
29534144
17842936
16202769
45172096
167127847
73581821
25232578
22781583
31480508
133030665
74404187
22751485
38000555
42923159
11982368
23486067
69563163
51126445
80358348
16120134
99126464
30316056
148211806
23995866
143078620
16517666
111587102
32041317
92943238
16833467
60465354
70493648
33353770
92391767
80512191
38624893
43215063
41525215
22798006
135856652
98210264
26750264
44039859
46105176
40575907
127368401
53252117
30315369
117431540
159867640
34076269
149073482
164871090
14114
44400667
37008294
25336774
30638367
96443778
25065746
91892851
97882810
48940689
32169030
79138567
28261334
28905875
76982440
155464693
135970622
29534144
17842936
16202769
45172096
167127847
73581821
25232578
22781583
31480508
133030665
74404187
22751485
38000555
42923159
11982368
23486067
69563163
51126445
80358348
16120134
99126464
30316056
148211806
23995866
143078620
16517666
111587102
32041317
92391767
92943238
16833467
60465354
70493648
33353770
80512191
38624893
43215063
41525215
22798006
135856652
98210264
26750264
44039859
46105176
40575907
127368401
53252117
30315369
117431540
159867640
34076269
149073482
164871090
14114
44400667
37008294
25336774
30638367
96443778
25065746
91892851
97882810
48940689
32169030
79138567
28261334
28905875
76982440
155464693
135970622
29534144
17842936
16202769
45172096
167127847
73581821
25232578
22781583
31480508
133030665
74404187
22751485
38000555
42923159
11982368
23486067
69563163
51126445
80358348
16120134
99126464
30316056
148211806
23995866
143078620
16517666
111587102
32041317
92391767
92943238
16833467
60465354
70493648
33353770
80512191
38624893
43215063
41525215
22798006
135856652
98210264
26750264
44039859
46105176
40575907
127368401
53252117
30315369
117431540
159867640
34076269
149073482
164871090
14114
44400667
37008294
25336774
30638367
96443778
25065746
91892851
97882810
48940689
32169030
79138567
28261334
28905875
76982440
155464693
135970622
29534144
17842936
16202769
45172096
167127847
73581821
25232578
22781583
31480508
133030665
74404187
22751485
38000555
42923159
11982368
23486067
69563163
51126445
80358348
16120134
99126464
30316056
148211806
23995866
143078620
16517666
111587102
32041317
92391767
92943238
16833467
60465354
70493648
33353770
80512191
38624893
43215063
41525215
22798006
135856652
98210264
26750264
44039859
46105176
40575907
127368401
53252117
30315369
117431540
159867640
34076269
149073482
164871090
14114
44400667
37008294
25336774
30638367
96443778
25065746
91892851
97882810
48940689
32169030
79138567
28261334
28905875
76982440
155464693
135970622
29534144
17842936
16202769
45172096
167127847
73581821
25232578
22781583
31480508
133030665
74404187
22751485
38000555
42923159
11982368
23486067
69563163
51126445
80358348
16120134
99126464
30316056
148211806
23995866
143078620
16517666
111587102
32041317
92391767
92943238
16833467
60465354
70493648
33353770
80512191
38624893
43215063
41525215
22798006
135856652
98210264
26750264
44039859
46105176
40575907
127368401
53252117
30315369
117431540
159867640
34076269
149073482
164871090
14114
44400667
37008294
25336774
30638367
96443778
25065746
91892851
97882810
48940689
32169030
